BEGIN
CREATE TABLE
INSERT 0 17
 rk |     team     |  str  |  ofs  |  dfs  |  sos  
----+--------------+-------+-------+-------+-------
  1 | Panthers     |  0.41 |  0.12 | -0.29 | -0.02
  2 | Roosters     |  0.25 |  0.12 | -0.12 |  0.00
  3 | Warriors     |  0.23 |  0.06 | -0.17 | -0.02
  4 | Dolphins     |  0.20 |  0.18 | -0.02 | -0.02
  5 | Storm        |  0.20 |  0.12 | -0.08 |  0.01
  6 | Sharks       |  0.19 |  0.10 | -0.09 | -0.02
  7 | Sea Eagles   |  0.08 |  0.03 | -0.05 | -0.01
  8 | Raiders      |  0.05 |  0.08 |  0.03 |  0.00
  9 | Bulldogs     |  0.03 | -0.08 | -0.12 | -0.02
 10 | Broncos      |  0.00 |  0.03 |  0.04 |  0.00
 11 | Rabbitohs    | -0.03 |  0.01 |  0.04 |  0.02
 12 | Cowboys      | -0.18 | -0.02 |  0.16 |  0.01
 13 | Knights      | -0.20 | -0.13 |  0.06 |  0.01
 14 | Eels         | -0.22 | -0.10 |  0.13 |  0.02
 15 | Titans       | -0.31 | -0.10 |  0.21 |  0.01
 16 | Wests Tigers | -0.33 | -0.17 |  0.16 |  0.00
 17 | Dragons      | -0.38 | -0.19 |  0.19 |  0.02
(17 rows)

 rk |     team     |  str  |  ofs  |  dfs  |  sos  
----+--------------+-------+-------+-------+-------
  1 | Panthers     |  0.41 |  0.12 | -0.29 | -0.02
  2 | Roosters     |  0.25 |  0.12 | -0.12 |  0.00
  3 | Warriors     |  0.23 |  0.06 | -0.17 | -0.02
  4 | Dolphins     |  0.20 |  0.18 | -0.02 | -0.02
  5 | Storm        |  0.20 |  0.12 | -0.08 |  0.01
  6 | Sharks       |  0.19 |  0.10 | -0.09 | -0.02
  7 | Sea Eagles   |  0.08 |  0.03 | -0.05 | -0.01
  8 | Raiders      |  0.05 |  0.08 |  0.03 |  0.00
  9 | Bulldogs     |  0.03 | -0.08 | -0.12 | -0.02
 10 | Broncos      |  0.00 |  0.03 |  0.04 |  0.00
 11 | Rabbitohs    | -0.03 |  0.01 |  0.04 |  0.02
 12 | Cowboys      | -0.18 | -0.02 |  0.16 |  0.01
 13 | Knights      | -0.20 | -0.13 |  0.06 |  0.01
 14 | Eels         | -0.22 | -0.10 |  0.13 |  0.02
 15 | Titans       | -0.31 | -0.10 |  0.21 |  0.01
 16 | Wests Tigers | -0.33 | -0.17 |  0.16 |  0.00
 17 | Dragons      | -0.38 | -0.19 |  0.19 |  0.02
(17 rows)

COPY 17
COMMIT
