1318,,7,Murrayfield,Edinburgh,Scotland,831600000,831600000,"Sat 10 Jan 1970, 15:00 GMT",40000,35,Scotland,SCO,42,France,FRA,9,11,C,B,177,1970 Five Nations,mru,,1970-01-01,31535999000,1970-12-31,"{""matchId"":1318,""venue"":{""id"":7,""name"":""Murrayfield"",""city"":""Edinburgh"",""country"":""Scotland""},""time"":{""millis"":831600000,""label"":""Sat 10 Jan 1970, 15:00 GMT""},""attendance"":40000,""teams"":[{""id"":35,""name"":""Scotland"",""abbreviation"":""SCO""},{""id"":42,""name"":""France"",""abbreviation"":""FRA""}],""scores"":[9,11],""status"":""C"",""outcome"":""B"",""events"":[{""id"":177,""label"":""1970 Five Nations"",""sport"":""mru"",""start"":{""label"":""1970-01-01""},""end"":{""millis"":31535999000,""label"":""1970-12-31""}}]}"
1960,,4,Lansdowne Road,Dublin,Ireland,831600000,831600000,"Sat 10 Jan 1970, 15:00 GMT",28000,36,Ireland,IRE,39,South Africa,RSA,8,8,C,D,54,1969 South Africa Tour of UK,mru,-31536000000,1969-01-01,31535999000,1970-12-31,"{""matchId"":1960,""venue"":{""id"":4,""name"":""Lansdowne Road"",""city"":""Dublin"",""country"":""Ireland""},""time"":{""millis"":831600000,""label"":""Sat 10 Jan 1970, 15:00 GMT""},""attendance"":28000,""teams"":[{""id"":36,""name"":""Ireland"",""abbreviation"":""IRE""},{""id"":39,""name"":""South Africa"",""abbreviation"":""RSA""}],""scores"":[8,8],""status"":""C"",""outcome"":""D"",""events"":[{""id"":54,""label"":""1969 South Africa Tour of UK"",""sport"":""mru"",""start"":{""millis"":-31536000000,""label"":""1969-01-01""},""end"":{""millis"":31535999000,""label"":""1970-12-31""}}]}"
4399,,,,,,864000000,864000000,"Sun 11 Jan 1970, 00:00 GMT",,49,Japan,JPN,760,Singapore,SIN,46,17,C,A,420,1970 Asian Championship,mru,,1970-01-01,31535999000,1970-12-31,"{""matchId"":4399,""eventPhase"":""Pool B"",""time"":{""millis"":864000000,""label"":""Sun 11 Jan 1970, 00:00 GMT""},""teams"":[{""id"":49,""name"":""Japan"",""abbreviation"":""JPN""},{""id"":760,""name"":""Singapore"",""abbreviation"":""SIN""}],""scores"":[46,17],""status"":""C"",""outcome"":""A"",""events"":[{""id"":420,""label"":""1970 Asian Championship"",""sport"":""mru"",""start"":{""label"":""1970-01-01""},""end"":{""millis"":31535999000,""label"":""1970-12-31""}}]}"
4833,,225,Ciudad Universitaria,Madrid,Spain,864000000,864000000,"Sun 11 Jan 1970, 00:00 GMT",4000,43,Spain,ESP,42,France,FRA,6,58,C,B,,,,,,,,"{""matchId"":4833,""venue"":{""id"":225,""name"":""Ciudad Universitaria"",""city"":""Madrid"",""country"":""Spain""},""time"":{""millis"":864000000,""label"":""Sun 11 Jan 1970, 00:00 GMT""},""attendance"":4000,""teams"":[{""id"":43,""name"":""Spain"",""abbreviation"":""ESP""},{""id"":42,""name"":""France"",""abbreviation"":""FRA""}],""scores"":[6,58],""status"":""C"",""outcome"":""B"",""events"":[]}"
4400,,,,,,1036800000,1036800000,"Tue 13 Jan 1970, 00:00 GMT",,49,Japan,JPN,736,Korea,KOR,23,9,C,A,420,1970 Asian Championship,mru,,1970-01-01,31535999000,1970-12-31,"{""matchId"":4400,""time"":{""millis"":1036800000,""label"":""Tue 13 Jan 1970, 00:00 GMT""},""teams"":[{""id"":49,""name"":""Japan"",""abbreviation"":""JPN""},{""id"":736,""name"":""Korea"",""abbreviation"":""KOR""}],""scores"":[23,9],""status"":""C"",""outcome"":""A"",""events"":[{""id"":420,""label"":""1970 Asian Championship"",""sport"":""mru"",""start"":{""label"":""1970-01-01""},""end"":{""millis"":31535999000,""label"":""1970-12-31""}}]}"
5607,,,,,,1036800000,1036800000,"Tue 13 Jan 1970, 00:00 GMT",,725,Hong Kong,HKG,741,Malaysia,MAS,22,14,C,A,420,1970 Asian Championship,mru,,1970-01-01,31535999000,1970-12-31,"{""matchId"":5607,""time"":{""millis"":1036800000,""label"":""Tue 13 Jan 1970, 00:00 GMT""},""teams"":[{""id"":725,""name"":""Hong Kong"",""abbreviation"":""HKG""},{""id"":741,""name"":""Malaysia"",""abbreviation"":""MAS""}],""scores"":[22,14],""status"":""C"",""outcome"":""A"",""events"":[{""id"":420,""label"":""1970 Asian Championship"",""sport"":""mru"",""start"":{""label"":""1970-01-01""},""end"":{""millis"":31535999000,""label"":""1970-12-31""}}]}"
5608,,,,,,1036800000,1036800000,"Tue 13 Jan 1970, 00:00 GMT",,772,Thailand,THA,766,Sri Lanka,SRI,18,18,C,D,420,1970 Asian Championship,mru,,1970-01-01,31535999000,1970-12-31,"{""matchId"":5608,""eventPhase"":""Pool A"",""time"":{""millis"":1036800000,""label"":""Tue 13 Jan 1970, 00:00 GMT""},""teams"":[{""id"":772,""name"":""Thailand"",""abbreviation"":""THA""},{""id"":766,""name"":""Sri Lanka"",""abbreviation"":""SRI""}],""scores"":[18,18],""status"":""C"",""outcome"":""D"",""events"":[{""id"":420,""label"":""1970 Asian Championship"",""sport"":""mru"",""start"":{""label"":""1970-01-01""},""end"":{""millis"":31535999000,""label"":""1970-12-31""}}]}"
4505,,421,National Stadium,Bangkok,Thailand,1468800000,1468800000,"Sun 18 Jan 1970, 00:00 GMT",5000,772,Thailand,THA,49,Japan,JPN,11,42,C,B,420,1970 Asian Championship,mru,,1970-01-01,31535999000,1970-12-31,"{""matchId"":4505,""venue"":{""id"":421,""name"":""National Stadium"",""city"":""Bangkok"",""country"":""Thailand""},""time"":{""millis"":1468800000,""label"":""Sun 18 Jan 1970, 00:00 GMT""},""attendance"":5000,""teams"":[{""id"":772,""name"":""Thailand"",""abbreviation"":""THA""},{""id"":49,""name"":""Japan"",""abbreviation"":""JPN""}],""scores"":[11,42],""status"":""C"",""outcome"":""B"",""events"":[{""id"":420,""label"":""1970 Asian Championship"",""sport"":""mru"",""start"":{""label"":""1970-01-01""},""end"":{""millis"":31535999000,""label"":""1970-12-31""}}]}"
1319,,34,Stade Colombes,Paris,France,1987200000,1987200000,"Sat 24 Jan 1970, 00:00 GMT",35915,42,France,FRA,36,Ireland,IRE,8,0,C,A,177,1970 Five Nations,mru,,1970-01-01,31535999000,1970-12-31,"{""matchId"":1319,""venue"":{""id"":34,""name"":""Stade Colombes"",""city"":""Paris"",""country"":""France""},""time"":{""millis"":1987200000,""label"":""Sat 24 Jan 1970, 00:00 GMT""},""attendance"":35915,""teams"":[{""id"":42,""name"":""France"",""abbreviation"":""FRA""},{""id"":36,""name"":""Ireland"",""abbreviation"":""IRE""}],""scores"":[8,0],""status"":""C"",""outcome"":""A"",""events"":[{""id"":177,""label"":""1970 Five Nations"",""sport"":""mru"",""start"":{""label"":""1970-01-01""},""end"":{""millis"":31535999000,""label"":""1970-12-31""}}]}"
536,,2,Cardiff Arms Park,Cardiff,Wales,2041200000,2041200000,"Sat 24 Jan 1970, 15:00 GMT",42000,33,Wales,WAL,39,South Africa,RSA,6,6,C,D,54,1969 South Africa Tour of UK,mru,-31536000000,1969-01-01,31535999000,1970-12-31,"{""matchId"":536,""venue"":{""id"":2,""name"":""Cardiff Arms Park"",""city"":""Cardiff"",""country"":""Wales""},""time"":{""millis"":2041200000,""label"":""Sat 24 Jan 1970, 15:00 GMT""},""attendance"":42000,""teams"":[{""id"":33,""name"":""Wales"",""abbreviation"":""WAL""},{""id"":39,""name"":""South Africa"",""abbreviation"":""RSA""}],""scores"":[6,6],""status"":""C"",""outcome"":""D"",""events"":[{""id"":54,""label"":""1969 South Africa Tour of UK"",""sport"":""mru"",""start"":{""millis"":-31536000000,""label"":""1969-01-01""},""end"":{""millis"":31535999000,""label"":""1970-12-31""}}]}"
537,,2,Cardiff Arms Park,Cardiff,Wales,3250800000,3250800000,"Sat 7 Feb 1970, 15:00 GMT",,33,Wales,WAL,35,Scotland,SCO,18,9,C,A,177,1970 Five Nations,mru,,1970-01-01,31535999000,1970-12-31,"{""matchId"":537,""venue"":{""id"":2,""name"":""Cardiff Arms Park"",""city"":""Cardiff"",""country"":""Wales""},""time"":{""millis"":3250800000,""label"":""Sat 7 Feb 1970, 15:00 GMT""},""teams"":[{""id"":33,""name"":""Wales"",""abbreviation"":""WAL""},{""id"":35,""name"":""Scotland"",""abbreviation"":""SCO""}],""scores"":[18,9],""status"":""C"",""outcome"":""A"",""events"":[{""id"":177,""label"":""1970 Five Nations"",""sport"":""mru"",""start"":{""label"":""1970-01-01""},""end"":{""millis"":31535999000,""label"":""1970-12-31""}}]}"
982,,3,Twickenham,London,England,3855600000,3855600000,"Sat 14 Feb 1970, 15:00 GMT",,34,England,ENG,36,Ireland,IRE,9,3,C,A,177,1970 Five Nations,mru,,1970-01-01,31535999000,1970-12-31,"{""matchId"":982,""venue"":{""id"":3,""name"":""Twickenham"",""city"":""London"",""country"":""England""},""time"":{""millis"":3855600000,""label"":""Sat 14 Feb 1970, 15:00 GMT""},""teams"":[{""id"":34,""name"":""England"",""abbreviation"":""ENG""},{""id"":36,""name"":""Ireland"",""abbreviation"":""IRE""}],""scores"":[9,3],""status"":""C"",""outcome"":""A"",""events"":[{""id"":177,""label"":""1970 Five Nations"",""sport"":""mru"",""start"":{""label"":""1970-01-01""},""end"":{""millis"":31535999000,""label"":""1970-12-31""}}]}"
538,,3,Twickenham,London,England,5065200000,5065200000,"Sat 28 Feb 1970, 15:00 GMT",,34,England,ENG,33,Wales,WAL,13,17,C,B,177,1970 Five Nations,mru,,1970-01-01,31535999000,1970-12-31,"{""matchId"":538,""venue"":{""id"":3,""name"":""Twickenham"",""city"":""London"",""country"":""England""},""time"":{""millis"":5065200000,""label"":""Sat 28 Feb 1970, 15:00 GMT""},""teams"":[{""id"":34,""name"":""England"",""abbreviation"":""ENG""},{""id"":33,""name"":""Wales"",""abbreviation"":""WAL""}],""scores"":[13,17],""status"":""C"",""outcome"":""B"",""events"":[{""id"":177,""label"":""1970 Five Nations"",""sport"":""mru"",""start"":{""label"":""1970-01-01""},""end"":{""millis"":31535999000,""label"":""1970-12-31""}}]}"
1320,,4,Lansdowne Road,Dublin,Ireland,5065200000,5065200000,"Sat 28 Feb 1970, 15:00 GMT",,36,Ireland,IRE,35,Scotland,SCO,16,11,C,A,177,1970 Five Nations,mru,,1970-01-01,31535999000,1970-12-31,"{""matchId"":1320,""venue"":{""id"":4,""name"":""Lansdowne Road"",""city"":""Dublin"",""country"":""Ireland""},""time"":{""millis"":5065200000,""label"":""Sat 28 Feb 1970, 15:00 GMT""},""teams"":[{""id"":36,""name"":""Ireland"",""abbreviation"":""IRE""},{""id"":35,""name"":""Scotland"",""abbreviation"":""SCO""}],""scores"":[16,11],""status"":""C"",""outcome"":""A"",""events"":[{""id"":177,""label"":""1970 Five Nations"",""sport"":""mru"",""start"":{""label"":""1970-01-01""},""end"":{""millis"":31535999000,""label"":""1970-12-31""}}]}"
4504,,,,,,5702400000,5702400000,"Sun 8 Mar 1970, 00:00 GMT",,49,Japan,JPN,1253,New Zealand Universities,,6,16,C,B,,,,,,,,"{""matchId"":4504,""time"":{""millis"":5702400000,""label"":""Sun 8 Mar 1970, 00:00 GMT""},""teams"":[{""id"":49,""name"":""Japan"",""abbreviation"":""JPN""},{""id"":1253,""name"":""New Zealand Universities""}],""scores"":[6,16],""status"":""C"",""outcome"":""B"",""events"":[]}"
539,,4,Lansdowne Road,Dublin,Ireland,6274800000,6274800000,"Sat 14 Mar 1970, 15:00 GMT",,36,Ireland,IRE,33,Wales,WAL,14,0,C,A,177,1970 Five Nations,mru,,1970-01-01,31535999000,1970-12-31,"{""matchId"":539,""venue"":{""id"":4,""name"":""Lansdowne Road"",""city"":""Dublin"",""country"":""Ireland""},""time"":{""millis"":6274800000,""label"":""Sat 14 Mar 1970, 15:00 GMT""},""teams"":[{""id"":36,""name"":""Ireland"",""abbreviation"":""IRE""},{""id"":33,""name"":""Wales"",""abbreviation"":""WAL""}],""scores"":[14,0],""status"":""C"",""outcome"":""A"",""events"":[{""id"":177,""label"":""1970 Five Nations"",""sport"":""mru"",""start"":{""label"":""1970-01-01""},""end"":{""millis"":31535999000,""label"":""1970-12-31""}}]}"
4503,,,,,,6307200000,6307200000,"Sun 15 Mar 1970, 00:00 GMT",,49,Japan,JPN,1253,New Zealand Universities,,14,28,C,B,,,,,,,,"{""matchId"":4503,""time"":{""millis"":6307200000,""label"":""Sun 15 Mar 1970, 00:00 GMT""},""teams"":[{""id"":49,""name"":""Japan"",""abbreviation"":""JPN""},{""id"":1253,""name"":""New Zealand Universities""}],""scores"":[14,28],""status"":""C"",""outcome"":""B"",""events"":[]}"
983,,7,Murrayfield,Edinburgh,Scotland,6879600000,6879600000,"Sat 21 Mar 1970, 15:00 GMT",,35,Scotland,SCO,34,England,ENG,14,5,C,A,177,1970 Five Nations,mru,,1970-01-01,31535999000,1970-12-31,"{""matchId"":983,""venue"":{""id"":7,""name"":""Murrayfield"",""city"":""Edinburgh"",""country"":""Scotland""},""time"":{""millis"":6879600000,""label"":""Sat 21 Mar 1970, 15:00 GMT""},""teams"":[{""id"":35,""name"":""Scotland"",""abbreviation"":""SCO""},{""id"":34,""name"":""England"",""abbreviation"":""ENG""}],""scores"":[14,5],""status"":""C"",""outcome"":""A"",""events"":[{""id"":177,""label"":""1970 Five Nations"",""sport"":""mru"",""start"":{""label"":""1970-01-01""},""end"":{""millis"":31535999000,""label"":""1970-12-31""}}]}"
4502,,131,Prince Chichibu Memorial Stadium,Tokyo,Japan,6912000000,6912000000,"Sun 22 Mar 1970, 00:00 GMT",10000,49,Japan,JPN,1000,British Columbia,,32,3,C,A,732,1970 British Columbia Tour of Japan,mru,,1970-01-01,31535999000,1970-12-31,"{""matchId"":4502,""venue"":{""id"":131,""name"":""Prince Chichibu Memorial Stadium"",""city"":""Tokyo"",""country"":""Japan""},""time"":{""millis"":6912000000,""label"":""Sun 22 Mar 1970, 00:00 GMT""},""attendance"":10000,""teams"":[{""id"":49,""name"":""Japan"",""abbreviation"":""JPN""},{""id"":1000,""name"":""British Columbia""}],""scores"":[32,3],""status"":""C"",""outcome"":""A"",""events"":[{""id"":732,""label"":""1970 British Columbia Tour of Japan"",""sport"":""mru"",""start"":{""label"":""1970-01-01""},""end"":{""millis"":31535999000,""label"":""1970-12-31""}}]}"
6968,,,,,,6912000000,6912000000,"Sun 22 Mar 1970, 00:00 GMT",,753,Poland,POL,41,Italy,ITA,0,9,C,B,785,1970 Italy Tour of Poland,mru,,1970-01-01,31535999000,1970-12-31,"{""matchId"":6968,""time"":{""millis"":6912000000,""label"":""Sun 22 Mar 1970, 00:00 GMT""},""teams"":[{""id"":753,""name"":""Poland"",""abbreviation"":""POL""},{""id"":41,""name"":""Italy"",""abbreviation"":""ITA""}],""scores"":[0,9],""status"":""C"",""outcome"":""B"",""events"":[{""id"":785,""label"":""1970 Italy Tour of Poland"",""sport"":""mru"",""start"":{""label"":""1970-01-01""},""end"":{""millis"":31535999000,""label"":""1970-12-31""}}]}"
6969,,,,,,7171200000,7171200000,"Wed 25 Mar 1970, 00:00 GMT",,2065,Varsavia Select XV,,41,Italy,ITA,3,20,C,B,785,1970 Italy Tour of Poland,mru,,1970-01-01,31535999000,1970-12-31,"{""matchId"":6969,""time"":{""millis"":7171200000,""label"":""Wed 25 Mar 1970, 00:00 GMT""},""teams"":[{""id"":2065,""name"":""Varsavia Select XV""},{""id"":41,""name"":""Italy"",""abbreviation"":""ITA""}],""scores"":[3,20],""status"":""C"",""outcome"":""B"",""events"":[{""id"":785,""label"":""1970 Italy Tour of Poland"",""sport"":""mru"",""start"":{""label"":""1970-01-01""},""end"":{""millis"":31535999000,""label"":""1970-12-31""}}]}"
6970,,,,,,7430400000,7430400000,"Sat 28 Mar 1970, 00:00 GMT",,753,Poland,POL,41,Italy,ITA,3,3,C,D,785,1970 Italy Tour of Poland,mru,,1970-01-01,31535999000,1970-12-31,"{""matchId"":6970,""time"":{""millis"":7430400000,""label"":""Sat 28 Mar 1970, 00:00 GMT""},""teams"":[{""id"":753,""name"":""Poland"",""abbreviation"":""POL""},{""id"":41,""name"":""Italy"",""abbreviation"":""ITA""}],""scores"":[3,3],""status"":""C"",""outcome"":""D"",""events"":[{""id"":785,""label"":""1970 Italy Tour of Poland"",""sport"":""mru"",""start"":{""label"":""1970-01-01""},""end"":{""millis"":31535999000,""label"":""1970-12-31""}}]}"
4501,,,,,,7516800000,7516800000,"Sun 29 Mar 1970, 00:00 GMT",,49,Japan,JPN,1253,New Zealand Universities,,14,46,C,B,,,,,,,,"{""matchId"":4501,""time"":{""millis"":7516800000,""label"":""Sun 29 Mar 1970, 00:00 GMT""},""teams"":[{""id"":49,""name"":""Japan"",""abbreviation"":""JPN""},{""id"":1253,""name"":""New Zealand Universities""}],""scores"":[14,46],""status"":""C"",""outcome"":""B"",""events"":[]}"
540,,2,Cardiff Arms Park,Cardiff,Wales,8089200000,8089200000,"Sat 4 Apr 1970, 15:00 GMT",51000,33,Wales,WAL,42,France,FRA,11,6,C,A,177,1970 Five Nations,mru,,1970-01-01,31535999000,1970-12-31,"{""matchId"":540,""venue"":{""id"":2,""name"":""Cardiff Arms Park"",""city"":""Cardiff"",""country"":""Wales""},""time"":{""millis"":8089200000,""label"":""Sat 4 Apr 1970, 15:00 GMT""},""attendance"":51000,""teams"":[{""id"":33,""name"":""Wales"",""abbreviation"":""WAL""},{""id"":42,""name"":""France"",""abbreviation"":""FRA""}],""scores"":[11,6],""status"":""C"",""outcome"":""A"",""events"":[{""id"":177,""label"":""1970 Five Nations"",""sport"":""mru"",""start"":{""label"":""1970-01-01""},""end"":{""millis"":31535999000,""label"":""1970-12-31""}}]}"
8384,,,,,,8121600000,8121600000,"Sun 5 Apr 1970, 00:00 GMT",,64,Netherlands,NED,44,Portugal,POR,9,9,C,D,678,1970 Federation Internationale de Rugby Amateur Championship,mru,,1970-01-01,31535999000,1970-12-31,"{""matchId"":8384,""time"":{""millis"":8121600000,""label"":""Sun 5 Apr 1970, 00:00 GMT""},""teams"":[{""id"":64,""name"":""Netherlands"",""abbreviation"":""NED""},{""id"":44,""name"":""Portugal"",""abbreviation"":""POR""}],""scores"":[9,9],""status"":""C"",""outcome"":""D"",""events"":[{""id"":678,""label"":""1970 Federation Internationale de Rugby Amateur Championship"",""sport"":""mru"",""start"":{""label"":""1970-01-01""},""end"":{""millis"":31535999000,""label"":""1970-12-31""}}]}"
8788,,,,,,8121600000,8121600000,"Sun 5 Apr 1970, 00:00 GMT",,753,Poland,POL,783,Yugoslavia,YUG,9,12,C,B,,,,,,,,"{""matchId"":8788,""time"":{""millis"":8121600000,""label"":""Sun 5 Apr 1970, 00:00 GMT""},""teams"":[{""id"":753,""name"":""Poland"",""abbreviation"":""POL""},{""id"":783,""name"":""Yugoslavia"",""abbreviation"":""YUG""}],""scores"":[9,12],""status"":""C"",""outcome"":""B"",""events"":[]}"
8386,,,,,,8726400000,8726400000,"Sun 12 Apr 1970, 00:00 GMT",,44,Portugal,POR,745,Morocco,MAR,8,9,C,B,678,1970 Federation Internationale de Rugby Amateur Championship,mru,,1970-01-01,31535999000,1970-12-31,"{""matchId"":8386,""time"":{""millis"":8726400000,""label"":""Sun 12 Apr 1970, 00:00 GMT""},""teams"":[{""id"":44,""name"":""Portugal"",""abbreviation"":""POR""},{""id"":745,""name"":""Morocco"",""abbreviation"":""MAR""}],""scores"":[8,9],""status"":""C"",""outcome"":""B"",""events"":[{""id"":678,""label"":""1970 Federation Internationale de Rugby Amateur Championship"",""sport"":""mru"",""start"":{""label"":""1970-01-01""},""end"":{""millis"":31535999000,""label"":""1970-12-31""}}]}"
984,,34,Stade Colombes,Paris,France,9244800000,9244800000,"Sat 18 Apr 1970, 00:00 GMT",34079,42,France,FRA,34,England,ENG,35,13,C,A,177,1970 Five Nations,mru,,1970-01-01,31535999000,1970-12-31,"{""matchId"":984,""venue"":{""id"":34,""name"":""Stade Colombes"",""city"":""Paris"",""country"":""France""},""time"":{""millis"":9244800000,""label"":""Sat 18 Apr 1970, 00:00 GMT""},""attendance"":34079,""teams"":[{""id"":42,""name"":""France"",""abbreviation"":""FRA""},{""id"":34,""name"":""England"",""abbreviation"":""ENG""}],""scores"":[35,13],""status"":""C"",""outcome"":""A"",""events"":[{""id"":177,""label"":""1970 Five Nations"",""sport"":""mru"",""start"":{""label"":""1970-01-01""},""end"":{""millis"":31535999000,""label"":""1970-12-31""}}]}"
9901,,,,,,9331200000,9331200000,"Sun 19 Apr 1970, 00:00 GMT",,745,Morocco,MAR,64,Netherlands,NED,23,8,C,A,,,,,,,,"{""matchId"":9901,""time"":{""millis"":9331200000,""label"":""Sun 19 Apr 1970, 00:00 GMT""},""teams"":[{""id"":745,""name"":""Morocco"",""abbreviation"":""MAR""},{""id"":64,""name"":""Netherlands"",""abbreviation"":""NED""}],""scores"":[23,8],""status"":""C"",""outcome"":""A"",""events"":[]}"
3834,,,,,,9936000000,9936000000,"Sun 26 Apr 1970, 00:00 GMT",,1211,Czechoslovakia,TCH,41,Italy,ITA,3,11,C,B,678,1970 Federation Internationale de Rugby Amateur Championship,mru,,1970-01-01,31535999000,1970-12-31,"{""matchId"":3834,""time"":{""millis"":9936000000,""label"":""Sun 26 Apr 1970, 00:00 GMT""},""teams"":[{""id"":1211,""name"":""Czechoslovakia"",""abbreviation"":""TCH""},{""id"":41,""name"":""Italy"",""abbreviation"":""ITA""}],""scores"":[3,11],""status"":""C"",""outcome"":""B"",""events"":[{""id"":678,""label"":""1970 Federation Internationale de Rugby Amateur Championship"",""sport"":""mru"",""start"":{""label"":""1970-01-01""},""end"":{""millis"":31535999000,""label"":""1970-12-31""}}]}"
4834,,883,Poznan Stadium,Poznan,Poland,9990000000,9990000000,"Sun 26 Apr 1970, 15:00 GMT",,753,Poland,POL,43,Spain,ESP,6,8,C,B,,,,,,,,"{""matchId"":4834,""venue"":{""id"":883,""name"":""Poznan Stadium"",""city"":""Poznan"",""country"":""Poland""},""time"":{""millis"":9990000000,""label"":""Sun 26 Apr 1970, 15:00 GMT""},""teams"":[{""id"":753,""name"":""Poland"",""abbreviation"":""POL""},{""id"":43,""name"":""Spain"",""abbreviation"":""ESP""}],""scores"":[6,8],""status"":""C"",""outcome"":""B"",""events"":[]}"
5115,,,,,,10540800000,10540800000,"Sun 3 May 1970, 00:00 GMT",,1211,Czechoslovakia,TCH,42,France,FRA,6,53,C,B,,,,,,,,"{""matchId"":5115,""time"":{""millis"":10540800000,""label"":""Sun 3 May 1970, 00:00 GMT""},""teams"":[{""id"":1211,""name"":""Czechoslovakia"",""abbreviation"":""TCH""},{""id"":42,""name"":""France"",""abbreviation"":""FRA""}],""scores"":[6,53],""status"":""C"",""outcome"":""B"",""events"":[]}"
4835,,884,Stade de RUC,Casablanca,Morocco,11145600000,11145600000,"Sun 10 May 1970, 00:00 GMT",,745,Morocco,MAR,43,Spain,ESP,11,8,C,A,,,,,,,,"{""matchId"":4835,""venue"":{""id"":884,""name"":""Stade de RUC"",""city"":""Casablanca"",""country"":""Morocco""},""time"":{""millis"":11145600000,""label"":""Sun 10 May 1970, 00:00 GMT""},""teams"":[{""id"":745,""name"":""Morocco"",""abbreviation"":""MAR""},{""id"":43,""name"":""Spain"",""abbreviation"":""ESP""}],""scores"":[11,8],""status"":""C"",""outcome"":""A"",""events"":[]}"
6959,,,,,,12009600000,12009600000,"Wed 20 May 1970, 00:00 GMT",,399,Victoria,,35,Scotland,SCO,0,34,C,B,322,1970 Scotland Tour of Australia,mru,,1970-01-01,31535999000,1970-12-31,"{""matchId"":6959,""time"":{""millis"":12009600000,""label"":""Wed 20 May 1970, 00:00 GMT""},""teams"":[{""id"":399,""name"":""Victoria""},{""id"":35,""name"":""Scotland"",""abbreviation"":""SCO""}],""scores"":[0,34],""status"":""C"",""outcome"":""B"",""events"":[{""id"":322,""label"":""1970 Scotland Tour of Australia"",""sport"":""mru"",""start"":{""label"":""1970-01-01""},""end"":{""millis"":31535999000,""label"":""1970-12-31""}}]}"
6960,,,,,,12268800000,12268800000,"Sat 23 May 1970, 00:00 GMT",,62,New South Wales,,35,Scotland,SCO,28,14,C,A,322,1970 Scotland Tour of Australia,mru,,1970-01-01,31535999000,1970-12-31,"{""matchId"":6960,""time"":{""millis"":12268800000,""label"":""Sat 23 May 1970, 00:00 GMT""},""teams"":[{""id"":62,""name"":""New South Wales""},{""id"":35,""name"":""Scotland"",""abbreviation"":""SCO""}],""scores"":[28,14],""status"":""C"",""outcome"":""A"",""events"":[{""id"":322,""label"":""1970 Scotland Tour of Australia"",""sport"":""mru"",""start"":{""label"":""1970-01-01""},""end"":{""millis"":31535999000,""label"":""1970-12-31""}}]}"
3832,,,,,,12355200000,12355200000,"Sun 24 May 1970, 00:00 GMT",,740,Madagascar,MAD,41,Italy,ITA,9,17,C,B,679,1970 Italy Tour of Madagascar,mru,,1970-01-01,31535999000,1970-12-31,"{""matchId"":3832,""time"":{""millis"":12355200000,""label"":""Sun 24 May 1970, 00:00 GMT""},""teams"":[{""id"":740,""name"":""Madagascar"",""abbreviation"":""MAD""},{""id"":41,""name"":""Italy"",""abbreviation"":""ITA""}],""scores"":[9,17],""status"":""C"",""outcome"":""B"",""events"":[{""id"":679,""label"":""1970 Italy Tour of Madagascar"",""sport"":""mru"",""start"":{""label"":""1970-01-01""},""end"":{""millis"":31535999000,""label"":""1970-12-31""}}]}"
6961,,,,,,12614400000,12614400000,"Wed 27 May 1970, 00:00 GMT",,397,New South Wales Country,,35,Scotland,SCO,15,18,C,B,322,1970 Scotland Tour of Australia,mru,,1970-01-01,31535999000,1970-12-31,"{""matchId"":6961,""time"":{""millis"":12614400000,""label"":""Wed 27 May 1970, 00:00 GMT""},""teams"":[{""id"":397,""name"":""New South Wales Country""},{""id"":35,""name"":""Scotland"",""abbreviation"":""SCO""}],""scores"":[15,18],""status"":""C"",""outcome"":""B"",""events"":[{""id"":322,""label"":""1970 Scotland Tour of Australia"",""sport"":""mru"",""start"":{""label"":""1970-01-01""},""end"":{""millis"":31535999000,""label"":""1970-12-31""}}]}"
6963,,,,,,12873600000,12873600000,"Sat 30 May 1970, 00:00 GMT",,400,Queensland,,35,Scotland,SCO,16,13,C,A,322,1970 Scotland Tour of Australia,mru,,1970-01-01,31535999000,1970-12-31,"{""matchId"":6963,""time"":{""millis"":12873600000,""label"":""Sat 30 May 1970, 00:00 GMT""},""teams"":[{""id"":400,""name"":""Queensland""},{""id"":35,""name"":""Scotland"",""abbreviation"":""SCO""}],""scores"":[16,13],""status"":""C"",""outcome"":""A"",""events"":[{""id"":322,""label"":""1970 Scotland Tour of Australia"",""sport"":""mru"",""start"":{""label"":""1970-01-01""},""end"":{""millis"":31535999000,""label"":""1970-12-31""}}]}"
3833,,,,,,12960000000,12960000000,"Sun 31 May 1970, 00:00 GMT",,740,Madagascar,MAD,41,Italy,ITA,6,9,C,B,678,1970 Federation Internationale de Rugby Amateur Championship,mru,,1970-01-01,31535999000,1970-12-31,"{""matchId"":3833,""time"":{""millis"":12960000000,""label"":""Sun 31 May 1970, 00:00 GMT""},""teams"":[{""id"":740,""name"":""Madagascar"",""abbreviation"":""MAD""},{""id"":41,""name"":""Italy"",""abbreviation"":""ITA""}],""scores"":[6,9],""status"":""C"",""outcome"":""B"",""events"":[{""id"":678,""label"":""1970 Federation Internationale de Rugby Amateur Championship"",""sport"":""mru"",""start"":{""label"":""1970-01-01""},""end"":{""millis"":31535999000,""label"":""1970-12-31""}},{""id"":679,""label"":""1970 Italy Tour of Madagascar"",""sport"":""mru"",""start"":{""label"":""1970-01-01""},""end"":{""millis"":31535999000,""label"":""1970-12-31""}}]}"
6964,,,,,,13219200000,13219200000,"Wed 3 Jun 1970, 00:00 GMT",,377,Sydney,,35,Scotland,SCO,12,27,C,B,322,1970 Scotland Tour of Australia,mru,,1970-01-01,31535999000,1970-12-31,"{""matchId"":6964,""time"":{""millis"":13219200000,""label"":""Wed 3 Jun 1970, 00:00 GMT""},""teams"":[{""id"":377,""name"":""Sydney""},{""id"":35,""name"":""Scotland"",""abbreviation"":""SCO""}],""scores"":[12,27],""status"":""C"",""outcome"":""B"",""events"":[{""id"":322,""label"":""1970 Scotland Tour of Australia"",""sport"":""mru"",""start"":{""label"":""1970-01-01""},""end"":{""millis"":31535999000,""label"":""1970-12-31""}}]}"
1525,,66,Sydney Cricket Ground,Sydney,Australia,13478400000,13478400000,"Sat 6 Jun 1970, 00:00 GMT",26930,38,Australia,AUS,35,Scotland,SCO,23,3,C,A,322,1970 Scotland Tour of Australia,mru,,1970-01-01,31535999000,1970-12-31,"{""matchId"":1525,""venue"":{""id"":66,""name"":""Sydney Cricket Ground"",""city"":""Sydney"",""country"":""Australia""},""time"":{""millis"":13478400000,""label"":""Sat 6 Jun 1970, 00:00 GMT""},""attendance"":26930,""teams"":[{""id"":38,""name"":""Australia"",""abbreviation"":""AUS""},{""id"":35,""name"":""Scotland"",""abbreviation"":""SCO""}],""scores"":[23,3],""status"":""C"",""outcome"":""A"",""events"":[{""id"":322,""label"":""1970 Scotland Tour of Australia"",""sport"":""mru"",""start"":{""label"":""1970-01-01""},""end"":{""millis"":31535999000,""label"":""1970-12-31""}}]}"
5502,,,,,,14688000000,14688000000,"Sat 20 Jun 1970, 00:00 GMT",,573,Border,,37,New Zealand,NZL,3,28,C,B,639,1970 New Zealand Tour of South Africa,mru,,1970-01-01,31535999000,1970-12-31,"{""matchId"":5502,""time"":{""millis"":14688000000,""label"":""Sat 20 Jun 1970, 00:00 GMT""},""teams"":[{""id"":573,""name"":""Border""},{""id"":37,""name"":""New Zealand"",""abbreviation"":""NZL""}],""scores"":[3,28],""status"":""C"",""outcome"":""B"",""events"":[{""id"":639,""label"":""1970 New Zealand Tour of South Africa"",""sport"":""mru"",""start"":{""label"":""1970-01-01""},""end"":{""millis"":31535999000,""label"":""1970-12-31""}}]}"
5503,,,,,,15033600000,15033600000,"Wed 24 Jun 1970, 00:00 GMT",,1761,Paul Roos XV,,37,New Zealand,NZL,9,43,C,B,639,1970 New Zealand Tour of South Africa,mru,,1970-01-01,31535999000,1970-12-31,"{""matchId"":5503,""time"":{""millis"":15033600000,""label"":""Wed 24 Jun 1970, 00:00 GMT""},""teams"":[{""id"":1761,""name"":""Paul Roos XV""},{""id"":37,""name"":""New Zealand"",""abbreviation"":""NZL""}],""scores"":[9,43],""status"":""C"",""outcome"":""B"",""events"":[{""id"":639,""label"":""1970 New Zealand Tour of South Africa"",""sport"":""mru"",""start"":{""label"":""1970-01-01""},""end"":{""millis"":31535999000,""label"":""1970-12-31""}}]}"
5504,,255,de Beers Stadium,Kimberley,South Africa,15292800000,15292800000,"Sat 27 Jun 1970, 00:00 GMT",,258,Griqualand West,,37,New Zealand,NZL,3,27,C,B,639,1970 New Zealand Tour of South Africa,mru,,1970-01-01,31535999000,1970-12-31,"{""matchId"":5504,""venue"":{""id"":255,""name"":""de Beers Stadium"",""city"":""Kimberley"",""country"":""South Africa""},""time"":{""millis"":15292800000,""label"":""Sat 27 Jun 1970, 00:00 GMT""},""teams"":[{""id"":258,""name"":""Griqualand West""},{""id"":37,""name"":""New Zealand"",""abbreviation"":""NZL""}],""scores"":[3,27],""status"":""C"",""outcome"":""B"",""events"":[{""id"":639,""label"":""1970 New Zealand Tour of South Africa"",""sport"":""mru"",""start"":{""label"":""1970-01-01""},""end"":{""millis"":31535999000,""label"":""1970-12-31""}}]}"
5505,,,,,,15638400000,15638400000,"Wed 1 Jul 1970, 00:00 GMT",,1762,North West Cape,,37,New Zealand,NZL,3,26,C,B,639,1970 New Zealand Tour of South Africa,mru,,1970-01-01,31535999000,1970-12-31,"{""matchId"":5505,""time"":{""millis"":15638400000,""label"":""Wed 1 Jul 1970, 00:00 GMT""},""teams"":[{""id"":1762,""name"":""North West Cape""},{""id"":37,""name"":""New Zealand"",""abbreviation"":""NZL""}],""scores"":[3,26],""status"":""C"",""outcome"":""B"",""events"":[{""id"":639,""label"":""1970 New Zealand Tour of South Africa"",""sport"":""mru"",""start"":{""label"":""1970-01-01""},""end"":{""millis"":31535999000,""label"":""1970-12-31""}}]}"
8789,,,,,,15638400000,15638400000,"Wed 1 Jul 1970, 00:00 GMT",,703,Brazil,BRA,751,Paraguay,PAR,12,3,C,A,,,,,,,,"{""matchId"":8789,""time"":{""millis"":15638400000,""label"":""Wed 1 Jul 1970, 00:00 GMT""},""teams"":[{""id"":703,""name"":""Brazil"",""abbreviation"":""BRA""},{""id"":751,""name"":""Paraguay"",""abbreviation"":""PAR""}],""scores"":[12,3],""status"":""C"",""outcome"":""A"",""events"":[]}"
5506,,,,,,15897600000,15897600000,"Sat 4 Jul 1970, 00:00 GMT",,580,South West Africa,,37,New Zealand,NZL,0,16,C,B,639,1970 New Zealand Tour of South Africa,mru,,1970-01-01,31535999000,1970-12-31,"{""matchId"":5506,""time"":{""millis"":15897600000,""label"":""Sat 4 Jul 1970, 00:00 GMT""},""teams"":[{""id"":580,""name"":""South West Africa""},{""id"":37,""name"":""New Zealand"",""abbreviation"":""NZL""}],""scores"":[0,16],""status"":""C"",""outcome"":""B"",""events"":[{""id"":639,""label"":""1970 New Zealand Tour of South Africa"",""sport"":""mru"",""start"":{""label"":""1970-01-01""},""end"":{""millis"":31535999000,""label"":""1970-12-31""}}]}"
5507,,,,,,16243200000,16243200000,"Wed 8 Jul 1970, 00:00 GMT",,260,Eastern Transvaal,,37,New Zealand,NZL,3,24,C,B,639,1970 New Zealand Tour of South Africa,mru,,1970-01-01,31535999000,1970-12-31,"{""matchId"":5507,""time"":{""millis"":16243200000,""label"":""Wed 8 Jul 1970, 00:00 GMT""},""teams"":[{""id"":260,""name"":""Eastern Transvaal""},{""id"":37,""name"":""New Zealand"",""abbreviation"":""NZL""}],""scores"":[3,24],""status"":""C"",""outcome"":""B"",""events"":[{""id"":639,""label"":""1970 New Zealand Tour of South Africa"",""sport"":""mru"",""start"":{""label"":""1970-01-01""},""end"":{""millis"":31535999000,""label"":""1970-12-31""}}]}"
5580,,263,Rugby Park,Gisborne,New Zealand,16243200000,16243200000,"Wed 8 Jul 1970, 00:00 GMT",,352,Poverty Bay,,46,Fiji,FJI,3,11,C,B,55,1970 Fiji Tour of New Zealand,mru,,1970-01-01,31535999000,1970-12-31,"{""matchId"":5580,""venue"":{""id"":263,""name"":""Rugby Park"",""city"":""Gisborne"",""country"":""New Zealand""},""time"":{""millis"":16243200000,""label"":""Wed 8 Jul 1970, 00:00 GMT""},""teams"":[{""id"":352,""name"":""Poverty Bay""},{""id"":46,""name"":""Fiji"",""abbreviation"":""FJI""}],""scores"":[3,11],""status"":""C"",""outcome"":""B"",""events"":[{""id"":55,""label"":""1970 Fiji Tour of New Zealand"",""sport"":""mru"",""start"":{""label"":""1970-01-01""},""end"":{""millis"":31535999000,""label"":""1970-12-31""}}]}"
5581,,186,Okara Park,Whangarei,New Zealand,16243200000,16243200000,"Wed 8 Jul 1970, 00:00 GMT",,349,North Auckland,,46,Fiji,FJI,17,6,C,A,55,1970 Fiji Tour of New Zealand,mru,,1970-01-01,31535999000,1970-12-31,"{""matchId"":5581,""venue"":{""id"":186,""name"":""Okara Park"",""city"":""Whangarei"",""country"":""New Zealand""},""time"":{""millis"":16243200000,""label"":""Wed 8 Jul 1970, 00:00 GMT""},""teams"":[{""id"":349,""name"":""North Auckland""},{""id"":46,""name"":""Fiji"",""abbreviation"":""FJI""}],""scores"":[17,6],""status"":""C"",""outcome"":""A"",""events"":[{""id"":55,""label"":""1970 Fiji Tour of New Zealand"",""sport"":""mru"",""start"":{""label"":""1970-01-01""},""end"":{""millis"":31535999000,""label"":""1970-12-31""}}]}"
5508,,,,,,16502400000,16502400000,"Sat 11 Jul 1970, 00:00 GMT",,410,Transvaal,,37,New Zealand,NZL,17,34,C,B,639,1970 New Zealand Tour of South Africa,mru,,1970-01-01,31535999000,1970-12-31,"{""matchId"":5508,""time"":{""millis"":16502400000,""label"":""Sat 11 Jul 1970, 00:00 GMT""},""teams"":[{""id"":410,""name"":""Transvaal""},{""id"":37,""name"":""New Zealand"",""abbreviation"":""NZL""}],""scores"":[17,34],""status"":""C"",""outcome"":""B"",""events"":[{""id"":639,""label"":""1970 New Zealand Tour of South Africa"",""sport"":""mru"",""start"":{""label"":""1970-01-01""},""end"":{""millis"":31535999000,""label"":""1970-12-31""}}]}"
5509,,,,,,16675200000,16675200000,"Mon 13 Jul 1970, 00:00 GMT",,579,Western Transvaal,,37,New Zealand,NZL,17,21,C,B,639,1970 New Zealand Tour of South Africa,mru,,1970-01-01,31535999000,1970-12-31,"{""matchId"":5509,""time"":{""millis"":16675200000,""label"":""Mon 13 Jul 1970, 00:00 GMT""},""teams"":[{""id"":579,""name"":""Western Transvaal""},{""id"":37,""name"":""New Zealand"",""abbreviation"":""NZL""}],""scores"":[17,21],""status"":""C"",""outcome"":""B"",""events"":[{""id"":639,""label"":""1970 New Zealand Tour of South Africa"",""sport"":""mru"",""start"":{""label"":""1970-01-01""},""end"":{""millis"":31535999000,""label"":""1970-12-31""}}]}"
5582,,427,Massey Park,Papakura,New Zealand,16848000000,16848000000,"Wed 15 Jul 1970, 00:00 GMT",,348,Counties,,46,Fiji,FJI,13,6,C,A,55,1970 Fiji Tour of New Zealand,mru,,1970-01-01,31535999000,1970-12-31,"{""matchId"":5582,""venue"":{""id"":427,""name"":""Massey Park"",""city"":""Papakura"",""country"":""New Zealand""},""time"":{""millis"":16848000000,""label"":""Wed 15 Jul 1970, 00:00 GMT""},""teams"":[{""id"":348,""name"":""Counties""},{""id"":46,""name"":""Fiji"",""abbreviation"":""FJI""}],""scores"":[13,6],""status"":""C"",""outcome"":""A"",""events"":[{""id"":55,""label"":""1970 Fiji Tour of New Zealand"",""sport"":""mru"",""start"":{""label"":""1970-01-01""},""end"":{""millis"":31535999000,""label"":""1970-12-31""}}]}"
5510,,,,,,17107200000,17107200000,"Sat 18 Jul 1970, 00:00 GMT",,257,Free State,,37,New Zealand,NZL,12,30,C,B,639,1970 New Zealand Tour of South Africa,mru,,1970-01-01,31535999000,1970-12-31,"{""matchId"":5510,""time"":{""millis"":17107200000,""label"":""Sat 18 Jul 1970, 00:00 GMT""},""teams"":[{""id"":257,""name"":""Free State""},{""id"":37,""name"":""New Zealand"",""abbreviation"":""NZL""}],""scores"":[12,30],""status"":""C"",""outcome"":""B"",""events"":[{""id"":639,""label"":""1970 New Zealand Tour of South Africa"",""sport"":""mru"",""start"":{""label"":""1970-01-01""},""end"":{""millis"":31535999000,""label"":""1970-12-31""}}]}"
5583,,81,Carisbrook,Dunedin,New Zealand,17107200000,17107200000,"Sat 18 Jul 1970, 00:00 GMT",,339,Otago,,46,Fiji,FJI,9,17,C,B,55,1970 Fiji Tour of New Zealand,mru,,1970-01-01,31535999000,1970-12-31,"{""matchId"":5583,""venue"":{""id"":81,""name"":""Carisbrook"",""city"":""Dunedin"",""country"":""New Zealand""},""time"":{""millis"":17107200000,""label"":""Sat 18 Jul 1970, 00:00 GMT""},""teams"":[{""id"":339,""name"":""Otago""},{""id"":46,""name"":""Fiji"",""abbreviation"":""FJI""}],""scores"":[9,17],""status"":""C"",""outcome"":""B"",""events"":[{""id"":55,""label"":""1970 Fiji Tour of New Zealand"",""sport"":""mru"",""start"":{""label"":""1970-01-01""},""end"":{""millis"":31535999000,""label"":""1970-12-31""}}]}"
5511,,,,,,17366400000,17366400000,"Tue 21 Jul 1970, 00:00 GMT",,578,Rhodesia,RHO,37,New Zealand,NZL,14,27,C,B,639,1970 New Zealand Tour of South Africa,mru,,1970-01-01,31535999000,1970-12-31,"{""matchId"":5511,""time"":{""millis"":17366400000,""label"":""Tue 21 Jul 1970, 00:00 GMT""},""teams"":[{""id"":578,""name"":""Rhodesia"",""abbreviation"":""RHO""},{""id"":37,""name"":""New Zealand"",""abbreviation"":""NZL""}],""scores"":[14,27],""status"":""C"",""outcome"":""B"",""events"":[{""id"":639,""label"":""1970 New Zealand Tour of South Africa"",""sport"":""mru"",""start"":{""label"":""1970-01-01""},""end"":{""millis"":31535999000,""label"":""1970-12-31""}}]}"
5584,,44,Rugby Park,Invercargill,New Zealand,17452800000,17452800000,"Wed 22 Jul 1970, 00:00 GMT",,344,Southland,,46,Fiji,FJI,6,9,C,B,55,1970 Fiji Tour of New Zealand,mru,,1970-01-01,31535999000,1970-12-31,"{""matchId"":5584,""venue"":{""id"":44,""name"":""Rugby Park"",""city"":""Invercargill"",""country"":""New Zealand""},""time"":{""millis"":17452800000,""label"":""Wed 22 Jul 1970, 00:00 GMT""},""teams"":[{""id"":344,""name"":""Southland""},{""id"":46,""name"":""Fiji"",""abbreviation"":""FJI""}],""scores"":[6,9],""status"":""C"",""outcome"":""B"",""events"":[{""id"":55,""label"":""1970 Fiji Tour of New Zealand"",""sport"":""mru"",""start"":{""label"":""1970-01-01""},""end"":{""millis"":31535999000,""label"":""1970-12-31""}}]}"
1775,,60,Loftus Versfeld,Pretoria,South Africa,17712000000,17712000000,"Sat 25 Jul 1970, 00:00 GMT",55000,39,South Africa,RSA,37,New Zealand,NZL,17,6,C,A,639,1970 New Zealand Tour of South Africa,mru,,1970-01-01,31535999000,1970-12-31,"{""matchId"":1775,""venue"":{""id"":60,""name"":""Loftus Versfeld"",""city"":""Pretoria"",""country"":""South Africa""},""time"":{""millis"":17712000000,""label"":""Sat 25 Jul 1970, 00:00 GMT""},""attendance"":55000,""teams"":[{""id"":39,""name"":""South Africa"",""abbreviation"":""RSA""},{""id"":37,""name"":""New Zealand"",""abbreviation"":""NZL""}],""scores"":[17,6],""status"":""C"",""outcome"":""A"",""events"":[{""id"":639,""label"":""1970 New Zealand Tour of South Africa"",""sport"":""mru"",""start"":{""label"":""1970-01-01""},""end"":{""millis"":31535999000,""label"":""1970-12-31""}}]}"
3505,,113,Lancaster Park,Christchurch,New Zealand,17765100000,17765100000,"Sat 25 Jul 1970, 14:45 GMT",,53,New Zealand Maori,MAB,46,Fiji,FJI,11,6,C,A,55,1970 Fiji Tour of New Zealand,mru,,1970-01-01,31535999000,1970-12-31,"{""matchId"":3505,""venue"":{""id"":113,""name"":""Lancaster Park"",""city"":""Christchurch"",""country"":""New Zealand""},""time"":{""millis"":17765100000,""label"":""Sat 25 Jul 1970, 14:45 GMT""},""teams"":[{""id"":53,""name"":""New Zealand Maori"",""abbreviation"":""MAB""},{""id"":46,""name"":""Fiji"",""abbreviation"":""FJI""}],""scores"":[11,6],""status"":""C"",""outcome"":""A"",""events"":[{""id"":55,""label"":""1970 Fiji Tour of New Zealand"",""sport"":""mru"",""start"":{""label"":""1970-01-01""},""end"":{""millis"":31535999000,""label"":""1970-12-31""}}]}"
5586,,398,Spriggens Park,Wanganui,New Zealand,17971200000,17971200000,"Tue 28 Jul 1970, 00:00 GMT",,347,Wanganui,,46,Fiji,FJI,14,26,C,B,55,1970 Fiji Tour of New Zealand,mru,,1970-01-01,31535999000,1970-12-31,"{""matchId"":5586,""venue"":{""id"":398,""name"":""Spriggens Park"",""city"":""Wanganui"",""country"":""New Zealand""},""time"":{""millis"":17971200000,""label"":""Tue 28 Jul 1970, 00:00 GMT""},""teams"":[{""id"":347,""name"":""Wanganui""},{""id"":46,""name"":""Fiji"",""abbreviation"":""FJI""}],""scores"":[14,26],""status"":""C"",""outcome"":""B"",""events"":[{""id"":55,""label"":""1970 Fiji Tour of New Zealand"",""sport"":""mru"",""start"":{""label"":""1970-01-01""},""end"":{""millis"":31535999000,""label"":""1970-12-31""}}]}"
5512,,,,,,18316800000,18316800000,"Sat 1 Aug 1970, 00:00 GMT",,574,Eastern Province,,37,New Zealand,NZL,8,49,C,B,639,1970 New Zealand Tour of South Africa,mru,,1970-01-01,31535999000,1970-12-31,"{""matchId"":5512,""time"":{""millis"":18316800000,""label"":""Sat 1 Aug 1970, 00:00 GMT""},""teams"":[{""id"":574,""name"":""Eastern Province""},{""id"":37,""name"":""New Zealand"",""abbreviation"":""NZL""}],""scores"":[8,49],""status"":""C"",""outcome"":""B"",""events"":[{""id"":639,""label"":""1970 New Zealand Tour of South Africa"",""sport"":""mru"",""start"":{""label"":""1970-01-01""},""end"":{""millis"":31535999000,""label"":""1970-12-31""}}]}"
5587,,45,Athletic Park,Wellington,New Zealand,18316800000,18316800000,"Sat 1 Aug 1970, 00:00 GMT",,1167,Junior All Blacks,JAB,46,Fiji,FJI,20,9,C,A,55,1970 Fiji Tour of New Zealand,mru,,1970-01-01,31535999000,1970-12-31,"{""matchId"":5587,""venue"":{""id"":45,""name"":""Athletic Park"",""city"":""Wellington"",""country"":""New Zealand""},""time"":{""millis"":18316800000,""label"":""Sat 1 Aug 1970, 00:00 GMT""},""teams"":[{""id"":1167,""name"":""Junior All Blacks"",""abbreviation"":""JAB""},{""id"":46,""name"":""Fiji"",""abbreviation"":""FJI""}],""scores"":[20,9],""status"":""C"",""outcome"":""A"",""events"":[{""id"":55,""label"":""1970 Fiji Tour of New Zealand"",""sport"":""mru"",""start"":{""label"":""1970-01-01""},""end"":{""millis"":31535999000,""label"":""1970-12-31""}}]}"
5518,,,,,,18403200000,18403200000,"Sun 2 Aug 1970, 00:00 GMT",,1723,Western Province Universities,,37,New Zealand,NZL,3,20,C,B,639,1970 New Zealand Tour of South Africa,mru,,1970-01-01,31535999000,1970-12-31,"{""matchId"":5518,""time"":{""millis"":18403200000,""label"":""Sun 2 Aug 1970, 00:00 GMT""},""teams"":[{""id"":1723,""name"":""Western Province Universities""},{""id"":37,""name"":""New Zealand"",""abbreviation"":""NZL""}],""scores"":[3,20],""status"":""C"",""outcome"":""B"",""events"":[{""id"":639,""label"":""1970 New Zealand Tour of South Africa"",""sport"":""mru"",""start"":{""label"":""1970-01-01""},""end"":{""millis"":31535999000,""label"":""1970-12-31""}}]}"
5513,,,,,,18576000000,18576000000,"Tue 4 Aug 1970, 00:00 GMT",,259,Boland,,37,New Zealand,NZL,9,35,C,B,639,1970 New Zealand Tour of South Africa,mru,,1970-01-01,31535999000,1970-12-31,"{""matchId"":5513,""time"":{""millis"":18576000000,""label"":""Tue 4 Aug 1970, 00:00 GMT""},""teams"":[{""id"":259,""name"":""Boland""},{""id"":37,""name"":""New Zealand"",""abbreviation"":""NZL""}],""scores"":[9,35],""status"":""C"",""outcome"":""B"",""events"":[{""id"":639,""label"":""1970 New Zealand Tour of South Africa"",""sport"":""mru"",""start"":{""label"":""1970-01-01""},""end"":{""millis"":31535999000,""label"":""1970-12-31""}}]}"
5588,,428,Rugby Park,Rotorua,New Zealand,18662400000,18662400000,"Wed 5 Aug 1970, 00:00 GMT",,350,Bay of Plenty,,46,Fiji,FJI,14,8,C,A,55,1970 Fiji Tour of New Zealand,mru,,1970-01-01,31535999000,1970-12-31,"{""matchId"":5588,""venue"":{""id"":428,""name"":""Rugby Park"",""city"":""Rotorua"",""country"":""New Zealand""},""time"":{""millis"":18662400000,""label"":""Wed 5 Aug 1970, 00:00 GMT""},""teams"":[{""id"":350,""name"":""Bay of Plenty""},{""id"":46,""name"":""Fiji"",""abbreviation"":""FJI""}],""scores"":[14,8],""status"":""C"",""outcome"":""A"",""events"":[{""id"":55,""label"":""1970 Fiji Tour of New Zealand"",""sport"":""mru"",""start"":{""label"":""1970-01-01""},""end"":{""millis"":31535999000,""label"":""1970-12-31""}}]}"
1776,,85,Newlands Stadium,Cape Town,South Africa,18921600000,18921600000,"Sat 8 Aug 1970, 00:00 GMT",52000,39,South Africa,RSA,37,New Zealand,NZL,8,9,C,B,639,1970 New Zealand Tour of South Africa,mru,,1970-01-01,31535999000,1970-12-31,"{""matchId"":1776,""venue"":{""id"":85,""name"":""Newlands Stadium"",""city"":""Cape Town"",""country"":""South Africa""},""time"":{""millis"":18921600000,""label"":""Sat 8 Aug 1970, 00:00 GMT""},""attendance"":52000,""teams"":[{""id"":39,""name"":""South Africa"",""abbreviation"":""RSA""},{""id"":37,""name"":""New Zealand"",""abbreviation"":""NZL""}],""scores"":[8,9],""status"":""C"",""outcome"":""B"",""events"":[{""id"":639,""label"":""1970 New Zealand Tour of South Africa"",""sport"":""mru"",""start"":{""label"":""1970-01-01""},""end"":{""millis"":31535999000,""label"":""1970-12-31""}}]}"
3504,,62,Eden Park,Auckland,New Zealand,18975600000,18975600000,"Sat 8 Aug 1970, 15:00 GMT",,53,New Zealand Maori,MAB,46,Fiji,FJI,9,9,C,D,55,1970 Fiji Tour of New Zealand,mru,,1970-01-01,31535999000,1970-12-31,"{""matchId"":3504,""venue"":{""id"":62,""name"":""Eden Park"",""city"":""Auckland"",""country"":""New Zealand""},""time"":{""millis"":18975600000,""label"":""Sat 8 Aug 1970, 15:00 GMT""},""teams"":[{""id"":53,""name"":""New Zealand Maori"",""abbreviation"":""MAB""},{""id"":46,""name"":""Fiji"",""abbreviation"":""FJI""}],""scores"":[9,9],""status"":""C"",""outcome"":""D"",""events"":[{""id"":55,""label"":""1970 Fiji Tour of New Zealand"",""sport"":""mru"",""start"":{""label"":""1970-01-01""},""end"":{""millis"":31535999000,""label"":""1970-12-31""}}]}"
5514,,,,,,19267200000,19267200000,"Wed 12 Aug 1970, 00:00 GMT",,576,South Western Districts,,37,New Zealand,NZL,6,36,C,B,639,1970 New Zealand Tour of South Africa,mru,,1970-01-01,31535999000,1970-12-31,"{""matchId"":5514,""time"":{""millis"":19267200000,""label"":""Wed 12 Aug 1970, 00:00 GMT""},""teams"":[{""id"":576,""name"":""South Western Districts""},{""id"":37,""name"":""New Zealand"",""abbreviation"":""NZL""}],""scores"":[6,36],""status"":""C"",""outcome"":""B"",""events"":[{""id"":639,""label"":""1970 New Zealand Tour of South Africa"",""sport"":""mru"",""start"":{""label"":""1970-01-01""},""end"":{""millis"":31535999000,""label"":""1970-12-31""}}]}"
5515,,,,,,19526400000,19526400000,"Sat 15 Aug 1970, 00:00 GMT",,254,Western Province,,37,New Zealand,NZL,6,29,C,B,639,1970 New Zealand Tour of South Africa,mru,,1970-01-01,31535999000,1970-12-31,"{""matchId"":5515,""time"":{""millis"":19526400000,""label"":""Sat 15 Aug 1970, 00:00 GMT""},""teams"":[{""id"":254,""name"":""Western Province""},{""id"":37,""name"":""New Zealand"",""abbreviation"":""NZL""}],""scores"":[6,29],""status"":""C"",""outcome"":""B"",""events"":[{""id"":639,""label"":""1970 New Zealand Tour of South Africa"",""sport"":""mru"",""start"":{""label"":""1970-01-01""},""end"":{""millis"":31535999000,""label"":""1970-12-31""}}]}"
5516,,,,,,19872000000,19872000000,"Wed 19 Aug 1970, 00:00 GMT",,1241,South Africa Country Districts,,37,New Zealand,NZL,8,45,C,B,639,1970 New Zealand Tour of South Africa,mru,,1970-01-01,31535999000,1970-12-31,"{""matchId"":5516,""time"":{""millis"":19872000000,""label"":""Wed 19 Aug 1970, 00:00 GMT""},""teams"":[{""id"":1241,""name"":""South Africa Country Districts""},{""id"":37,""name"":""New Zealand"",""abbreviation"":""NZL""}],""scores"":[8,45],""status"":""C"",""outcome"":""B"",""events"":[{""id"":639,""label"":""1970 New Zealand Tour of South Africa"",""sport"":""mru"",""start"":{""label"":""1970-01-01""},""end"":{""millis"":31535999000,""label"":""1970-12-31""}}]}"
5517,,,,,,20131200000,20131200000,"Sat 22 Aug 1970, 00:00 GMT",,256,Natal Sharks,,37,New Zealand,NZL,8,29,C,B,639,1970 New Zealand Tour of South Africa,mru,,1970-01-01,31535999000,1970-12-31,"{""matchId"":5517,""time"":{""millis"":20131200000,""label"":""Sat 22 Aug 1970, 00:00 GMT""},""teams"":[{""id"":256,""name"":""Natal Sharks""},{""id"":37,""name"":""New Zealand"",""abbreviation"":""NZL""}],""scores"":[8,29],""status"":""C"",""outcome"":""B"",""events"":[{""id"":639,""label"":""1970 New Zealand Tour of South Africa"",""sport"":""mru"",""start"":{""label"":""1970-01-01""},""end"":{""millis"":31535999000,""label"":""1970-12-31""}}]}"
1777,,91,Boet Erasmus Stadium,Port Elizabeth,South Africa,20736000000,20736000000,"Sat 29 Aug 1970, 00:00 GMT",55000,39,South Africa,RSA,37,New Zealand,NZL,14,3,C,A,639,1970 New Zealand Tour of South Africa,mru,,1970-01-01,31535999000,1970-12-31,"{""matchId"":1777,""venue"":{""id"":91,""name"":""Boet Erasmus Stadium"",""city"":""Port Elizabeth"",""country"":""South Africa""},""time"":{""millis"":20736000000,""label"":""Sat 29 Aug 1970, 00:00 GMT""},""attendance"":55000,""teams"":[{""id"":39,""name"":""South Africa"",""abbreviation"":""RSA""},{""id"":37,""name"":""New Zealand"",""abbreviation"":""NZL""}],""scores"":[14,3],""status"":""C"",""outcome"":""A"",""events"":[{""id"":639,""label"":""1970 New Zealand Tour of South Africa"",""sport"":""mru"",""start"":{""label"":""1970-01-01""},""end"":{""millis"":31535999000,""label"":""1970-12-31""}}]}"
7900,,,,,,20822400000,20822400000,"Sun 30 Aug 1970, 00:00 GMT",,2184,Combined Provinces,,36,Ireland,IRE,0,0,C,D,703,1970 Ireland Tour of Argentina,mru,,1970-01-01,31535999000,1970-12-31,"{""matchId"":7900,""time"":{""millis"":20822400000,""label"":""Sun 30 Aug 1970, 00:00 GMT""},""teams"":[{""id"":2184,""name"":""Combined Provinces""},{""id"":36,""name"":""Ireland"",""abbreviation"":""IRE""}],""scores"":[0,0],""status"":""C"",""outcome"":""D"",""events"":[{""id"":703,""label"":""1970 Ireland Tour of Argentina"",""sport"":""mru"",""start"":{""label"":""1970-01-01""},""end"":{""millis"":31535999000,""label"":""1970-12-31""}}]}"
5519,,,,,,21081600000,21081600000,"Wed 2 Sep 1970, 00:00 GMT",,1443,North Eastern Cape,,37,New Zealand,NZL,0,85,C,B,639,1970 New Zealand Tour of South Africa,mru,,1970-01-01,31535999000,1970-12-31,"{""matchId"":5519,""time"":{""millis"":21081600000,""label"":""Wed 2 Sep 1970, 00:00 GMT""},""teams"":[{""id"":1443,""name"":""North Eastern Cape""},{""id"":37,""name"":""New Zealand"",""abbreviation"":""NZL""}],""scores"":[0,85],""status"":""C"",""outcome"":""B"",""events"":[{""id"":639,""label"":""1970 New Zealand Tour of South Africa"",""sport"":""mru"",""start"":{""label"":""1970-01-01""},""end"":{""millis"":31535999000,""label"":""1970-12-31""}}]}"
7902,,,,,,21081600000,21081600000,"Wed 2 Sep 1970, 00:00 GMT",,2183,Argentina XV,,36,Ireland,IRE,0,0,C,D,703,1970 Ireland Tour of Argentina,mru,,1970-01-01,31535999000,1970-12-31,"{""matchId"":7902,""time"":{""millis"":21081600000,""label"":""Wed 2 Sep 1970, 00:00 GMT""},""teams"":[{""id"":2183,""name"":""Argentina XV""},{""id"":36,""name"":""Ireland"",""abbreviation"":""IRE""}],""scores"":[0,0],""status"":""C"",""outcome"":""D"",""events"":[{""id"":703,""label"":""1970 Ireland Tour of Argentina"",""sport"":""mru"",""start"":{""label"":""1970-01-01""},""end"":{""millis"":31535999000,""label"":""1970-12-31""}}]}"
5520,,,,,,21340800000,21340800000,"Sat 5 Sep 1970, 00:00 GMT",,411,Northern Transvaal,,37,New Zealand,NZL,15,19,C,B,639,1970 New Zealand Tour of South Africa,mru,,1970-01-01,31535999000,1970-12-31,"{""matchId"":5520,""time"":{""millis"":21340800000,""label"":""Sat 5 Sep 1970, 00:00 GMT""},""teams"":[{""id"":411,""name"":""Northern Transvaal""},{""id"":37,""name"":""New Zealand"",""abbreviation"":""NZL""}],""scores"":[15,19],""status"":""C"",""outcome"":""B"",""events"":[{""id"":639,""label"":""1970 New Zealand Tour of South Africa"",""sport"":""mru"",""start"":{""label"":""1970-01-01""},""end"":{""millis"":31535999000,""label"":""1970-12-31""}}]}"
6740,,,,,,21427200000,21427200000,"Sun 6 Sep 1970, 00:00 GMT",,2016,Esher,,41,Italy,ITA,6,6,C,D,771,1970 Italy Tour of England,mru,,1970-01-01,31535999000,1970-12-31,"{""matchId"":6740,""time"":{""millis"":21427200000,""label"":""Sun 6 Sep 1970, 00:00 GMT""},""teams"":[{""id"":2016,""name"":""Esher""},{""id"":41,""name"":""Italy"",""abbreviation"":""ITA""}],""scores"":[6,6],""status"":""C"",""outcome"":""D"",""events"":[{""id"":771,""label"":""1970 Italy Tour of England"",""sport"":""mru"",""start"":{""label"":""1970-01-01""},""end"":{""millis"":31535999000,""label"":""1970-12-31""}}]}"
7903,,,,,,21427200000,21427200000,"Sun 6 Sep 1970, 00:00 GMT",,1760,Argentina Juniors,,36,Ireland,IRE,0,0,C,D,703,1970 Ireland Tour of Argentina,mru,,1970-01-01,31535999000,1970-12-31,"{""matchId"":7903,""time"":{""millis"":21427200000,""label"":""Sun 6 Sep 1970, 00:00 GMT""},""teams"":[{""id"":1760,""name"":""Argentina Juniors""},{""id"":36,""name"":""Ireland"",""abbreviation"":""IRE""}],""scores"":[0,0],""status"":""C"",""outcome"":""D"",""events"":[{""id"":703,""label"":""1970 Ireland Tour of Argentina"",""sport"":""mru"",""start"":{""label"":""1970-01-01""},""end"":{""millis"":31535999000,""label"":""1970-12-31""}}]}"
5521,,,,,,21513600000,21513600000,"Mon 7 Sep 1970, 00:00 GMT",,1169,SA Gazelles,,37,New Zealand,NZL,25,29,C,B,639,1970 New Zealand Tour of South Africa,mru,,1970-01-01,31535999000,1970-12-31,"{""matchId"":5521,""time"":{""millis"":21513600000,""label"":""Mon 7 Sep 1970, 00:00 GMT""},""teams"":[{""id"":1169,""name"":""SA Gazelles""},{""id"":37,""name"":""New Zealand"",""abbreviation"":""NZL""}],""scores"":[25,29],""status"":""C"",""outcome"":""B"",""events"":[{""id"":639,""label"":""1970 New Zealand Tour of South Africa"",""sport"":""mru"",""start"":{""label"":""1970-01-01""},""end"":{""millis"":31535999000,""label"":""1970-12-31""}}]}"
6741,,,,,,21686400000,21686400000,"Wed 9 Sep 1970, 00:00 GMT",,100,Coventry,,41,Italy,ITA,23,9,C,A,771,1970 Italy Tour of England,mru,,1970-01-01,31535999000,1970-12-31,"{""matchId"":6741,""time"":{""millis"":21686400000,""label"":""Wed 9 Sep 1970, 00:00 GMT""},""teams"":[{""id"":100,""name"":""Coventry""},{""id"":41,""name"":""Italy"",""abbreviation"":""ITA""}],""scores"":[23,9],""status"":""C"",""outcome"":""A"",""events"":[{""id"":771,""label"":""1970 Italy Tour of England"",""sport"":""mru"",""start"":{""label"":""1970-01-01""},""end"":{""millis"":31535999000,""label"":""1970-12-31""}}]}"
7901,,,,,,21686400000,21686400000,"Wed 9 Sep 1970, 00:00 GMT",,836,Rosario,,36,Ireland,IRE,0,0,C,D,703,1970 Ireland Tour of Argentina,mru,,1970-01-01,31535999000,1970-12-31,"{""matchId"":7901,""time"":{""millis"":21686400000,""label"":""Wed 9 Sep 1970, 00:00 GMT""},""teams"":[{""id"":836,""name"":""Rosario""},{""id"":36,""name"":""Ireland"",""abbreviation"":""IRE""}],""scores"":[0,0],""status"":""C"",""outcome"":""D"",""events"":[{""id"":703,""label"":""1970 Ireland Tour of Argentina"",""sport"":""mru"",""start"":{""label"":""1970-01-01""},""end"":{""millis"":31535999000,""label"":""1970-12-31""}}]}"
1778,,37,Ellis Park,Johannesburg,South Africa,22001400000,22001400000,"Sat 12 Sep 1970, 15:30 GMT",65000,39,South Africa,RSA,37,New Zealand,NZL,20,17,C,A,639,1970 New Zealand Tour of South Africa,mru,,1970-01-01,31535999000,1970-12-31,"{""matchId"":1778,""venue"":{""id"":37,""name"":""Ellis Park"",""city"":""Johannesburg"",""country"":""South Africa""},""time"":{""millis"":22001400000,""label"":""Sat 12 Sep 1970, 15:30 GMT""},""attendance"":65000,""teams"":[{""id"":39,""name"":""South Africa"",""abbreviation"":""RSA""},{""id"":37,""name"":""New Zealand"",""abbreviation"":""NZL""}],""scores"":[20,17],""status"":""C"",""outcome"":""A"",""events"":[{""id"":639,""label"":""1970 New Zealand Tour of South Africa"",""sport"":""mru"",""start"":{""label"":""1970-01-01""},""end"":{""millis"":31535999000,""label"":""1970-12-31""}}]}"
5278,,97,Ferro Carril Oeste Stadium,Buenos Aires,Argentina,22032000000,22032000000,"Sun 13 Sep 1970, 00:00 GMT",24000,40,Argentina,ARG,36,Ireland,IRE,8,3,C,A,703,1970 Ireland Tour of Argentina,mru,,1970-01-01,31535999000,1970-12-31,"{""matchId"":5278,""venue"":{""id"":97,""name"":""Ferro Carril Oeste Stadium"",""city"":""Buenos Aires"",""country"":""Argentina""},""time"":{""millis"":22032000000,""label"":""Sun 13 Sep 1970, 00:00 GMT""},""attendance"":24000,""teams"":[{""id"":40,""name"":""Argentina"",""abbreviation"":""ARG""},{""id"":36,""name"":""Ireland"",""abbreviation"":""IRE""}],""scores"":[8,3],""status"":""C"",""outcome"":""A"",""events"":[{""id"":703,""label"":""1970 Ireland Tour of Argentina"",""sport"":""mru"",""start"":{""label"":""1970-01-01""},""end"":{""millis"":31535999000,""label"":""1970-12-31""}}]}"
7904,,,,,,22291200000,22291200000,"Wed 16 Sep 1970, 00:00 GMT",,834,Buenos Aires,,36,Ireland,IRE,0,0,C,D,703,1970 Ireland Tour of Argentina,mru,,1970-01-01,31535999000,1970-12-31,"{""matchId"":7904,""time"":{""millis"":22291200000,""label"":""Wed 16 Sep 1970, 00:00 GMT""},""teams"":[{""id"":834,""name"":""Buenos Aires""},{""id"":36,""name"":""Ireland"",""abbreviation"":""IRE""}],""scores"":[0,0],""status"":""C"",""outcome"":""D"",""events"":[{""id"":703,""label"":""1970 Ireland Tour of Argentina"",""sport"":""mru"",""start"":{""label"":""1970-01-01""},""end"":{""millis"":31535999000,""label"":""1970-12-31""}}]}"
5279,,97,Ferro Carril Oeste Stadium,Buenos Aires,Argentina,22636800000,22636800000,"Sun 20 Sep 1970, 00:00 GMT",,40,Argentina,ARG,36,Ireland,IRE,6,3,C,A,703,1970 Ireland Tour of Argentina,mru,,1970-01-01,31535999000,1970-12-31,"{""matchId"":5279,""venue"":{""id"":97,""name"":""Ferro Carril Oeste Stadium"",""city"":""Buenos Aires"",""country"":""Argentina""},""time"":{""millis"":22636800000,""label"":""Sun 20 Sep 1970, 00:00 GMT""},""teams"":[{""id"":40,""name"":""Argentina"",""abbreviation"":""ARG""},{""id"":36,""name"":""Ireland"",""abbreviation"":""IRE""}],""scores"":[6,3],""status"":""C"",""outcome"":""A"",""events"":[{""id"":703,""label"":""1970 Ireland Tour of Argentina"",""sport"":""mru"",""start"":{""label"":""1970-01-01""},""end"":{""millis"":31535999000,""label"":""1970-12-31""}}]}"
8790,,,,,,23241600000,23241600000,"Sun 27 Sep 1970, 00:00 GMT",,769,Sweden,SWE,715,Denmark,DEN,8,0,C,A,,,,,,,,"{""matchId"":8790,""time"":{""millis"":23241600000,""label"":""Sun 27 Sep 1970, 00:00 GMT""},""teams"":[{""id"":769,""name"":""Sweden"",""abbreviation"":""SWE""},{""id"":715,""name"":""Denmark"",""abbreviation"":""DEN""}],""scores"":[8,0],""status"":""C"",""outcome"":""A"",""events"":[]}"
6180,,,,,,24105600000,24105600000,"Wed 7 Oct 1970, 00:00 GMT",,1913,Devon / Cornwall,,129,Exeter Chiefs,,17,3,C,A,56,"1970 Fiji Tour of England, Wales & Canada",mru,,1970-01-01,31535999000,1970-12-31,"{""matchId"":6180,""time"":{""millis"":24105600000,""label"":""Wed 7 Oct 1970, 00:00 GMT""},""teams"":[{""id"":1913,""name"":""Devon / Cornwall""},{""id"":129,""name"":""Exeter Chiefs""}],""scores"":[17,3],""status"":""C"",""outcome"":""A"",""events"":[{""id"":56,""label"":""1970 Fiji Tour of England, Wales & Canada"",""sport"":""mru"",""start"":{""label"":""1970-01-01""},""end"":{""millis"":31535999000,""label"":""1970-12-31""}}]}"
6181,,,,,,24364800000,24364800000,"Sat 10 Oct 1970, 00:00 GMT",,1728,Gloucestershire-Somerset,,46,Fiji,FJI,25,13,C,A,56,"1970 Fiji Tour of England, Wales & Canada",mru,,1970-01-01,31535999000,1970-12-31,"{""matchId"":6181,""time"":{""millis"":24364800000,""label"":""Sat 10 Oct 1970, 00:00 GMT""},""teams"":[{""id"":1728,""name"":""Gloucestershire-Somerset""},{""id"":46,""name"":""Fiji"",""abbreviation"":""FJI""}],""scores"":[25,13],""status"":""C"",""outcome"":""A"",""events"":[{""id"":56,""label"":""1970 Fiji Tour of England, Wales & Canada"",""sport"":""mru"",""start"":{""label"":""1970-01-01""},""end"":{""millis"":31535999000,""label"":""1970-12-31""}}]}"
6182,,,,,,24710400000,24710400000,"Wed 14 Oct 1970, 00:00 GMT",,1730,West Midlands,,46,Fiji,FJI,16,16,C,D,56,"1970 Fiji Tour of England, Wales & Canada",mru,,1970-01-01,31535999000,1970-12-31,"{""matchId"":6182,""time"":{""millis"":24710400000,""label"":""Wed 14 Oct 1970, 00:00 GMT""},""teams"":[{""id"":1730,""name"":""West Midlands""},{""id"":46,""name"":""Fiji"",""abbreviation"":""FJI""}],""scores"":[16,16],""status"":""C"",""outcome"":""D"",""events"":[{""id"":56,""label"":""1970 Fiji Tour of England, Wales & Canada"",""sport"":""mru"",""start"":{""label"":""1970-01-01""},""end"":{""millis"":31535999000,""label"":""1970-12-31""}}]}"
6183,,,,,,24969600000,24969600000,"Sat 17 Oct 1970, 00:00 GMT",,1916,North West Counties,,46,Fiji,FJI,6,11,C,B,56,"1970 Fiji Tour of England, Wales & Canada",mru,,1970-01-01,31535999000,1970-12-31,"{""matchId"":6183,""time"":{""millis"":24969600000,""label"":""Sat 17 Oct 1970, 00:00 GMT""},""teams"":[{""id"":1916,""name"":""North West Counties""},{""id"":46,""name"":""Fiji"",""abbreviation"":""FJI""}],""scores"":[6,11],""status"":""C"",""outcome"":""B"",""events"":[{""id"":56,""label"":""1970 Fiji Tour of England, Wales & Canada"",""sport"":""mru"",""start"":{""label"":""1970-01-01""},""end"":{""millis"":31535999000,""label"":""1970-12-31""}}]}"
8791,,,,,,25056000000,25056000000,"Sun 18 Oct 1970, 00:00 GMT",,783,Yugoslavia,YUG,753,Poland,POL,19,15,C,A,,,,,,,,"{""matchId"":8791,""time"":{""millis"":25056000000,""label"":""Sun 18 Oct 1970, 00:00 GMT""},""teams"":[{""id"":783,""name"":""Yugoslavia"",""abbreviation"":""YUG""},{""id"":753,""name"":""Poland"",""abbreviation"":""POL""}],""scores"":[19,15],""status"":""C"",""outcome"":""A"",""events"":[]}"
6184,,,,,,25315200000,25315200000,"Wed 21 Oct 1970, 00:00 GMT",,1915,North East Counties,,46,Fiji,FJI,14,6,C,A,56,"1970 Fiji Tour of England, Wales & Canada",mru,,1970-01-01,31535999000,1970-12-31,"{""matchId"":6184,""time"":{""millis"":25315200000,""label"":""Wed 21 Oct 1970, 00:00 GMT""},""teams"":[{""id"":1915,""name"":""North East Counties""},{""id"":46,""name"":""Fiji"",""abbreviation"":""FJI""}],""scores"":[14,6],""status"":""C"",""outcome"":""A"",""events"":[{""id"":56,""label"":""1970 Fiji Tour of England, Wales & Canada"",""sport"":""mru"",""start"":{""label"":""1970-01-01""},""end"":{""millis"":31535999000,""label"":""1970-12-31""}}]}"
3503,,,,,,25574400000,25574400000,"Sat 24 Oct 1970, 00:00 GMT",,54,Barbarians,,46,Fiji,FJI,9,29,C,B,56,"1970 Fiji Tour of England, Wales & Canada",mru,,1970-01-01,31535999000,1970-12-31,"{""matchId"":3503,""time"":{""millis"":25574400000,""label"":""Sat 24 Oct 1970, 00:00 GMT""},""teams"":[{""id"":54,""name"":""Barbarians""},{""id"":46,""name"":""Fiji"",""abbreviation"":""FJI""}],""scores"":[9,29],""status"":""C"",""outcome"":""B"",""events"":[{""id"":56,""label"":""1970 Fiji Tour of England, Wales & Canada"",""sport"":""mru"",""start"":{""label"":""1970-01-01""},""end"":{""millis"":31535999000,""label"":""1970-12-31""}}]}"
5118,,,,,,25574400000,25574400000,"Sat 24 Oct 1970, 00:00 GMT",,1211,Czechoslovakia,TCH,783,Yugoslavia,YUG,19,3,C,A,,,,,,,,"{""matchId"":5118,""time"":{""millis"":25574400000,""label"":""Sat 24 Oct 1970, 00:00 GMT""},""teams"":[{""id"":1211,""name"":""Czechoslovakia"",""abbreviation"":""TCH""},{""id"":783,""name"":""Yugoslavia"",""abbreviation"":""YUG""}],""scores"":[19,3],""status"":""C"",""outcome"":""A"",""events"":[]}"
2705,,652,Stadio Alfieri,Rovigo,Italy,25660800000,25660800000,"Sun 25 Oct 1970, 00:00 GMT",8000,41,Italy,ITA,52,Romania,ROM,3,14,C,B,678,1970 Federation Internationale de Rugby Amateur Championship,mru,,1970-01-01,31535999000,1970-12-31,"{""matchId"":2705,""venue"":{""id"":652,""name"":""Stadio Alfieri"",""city"":""Rovigo"",""country"":""Italy""},""time"":{""millis"":25660800000,""label"":""Sun 25 Oct 1970, 00:00 GMT""},""attendance"":8000,""teams"":[{""id"":41,""name"":""Italy"",""abbreviation"":""ITA""},{""id"":52,""name"":""Romania"",""abbreviation"":""ROM""}],""scores"":[3,14],""status"":""C"",""outcome"":""B"",""events"":[{""id"":678,""label"":""1970 Federation Internationale de Rugby Amateur Championship"",""sport"":""mru"",""start"":{""label"":""1970-01-01""},""end"":{""millis"":31535999000,""label"":""1970-12-31""}}]}"
6185,,,,,,25920000000,25920000000,"Wed 28 Oct 1970, 00:00 GMT",,13,Cambridge University,,46,Fiji,FJI,12,8,C,A,56,"1970 Fiji Tour of England, Wales & Canada",mru,,1970-01-01,31535999000,1970-12-31,"{""matchId"":6185,""time"":{""millis"":25920000000,""label"":""Wed 28 Oct 1970, 00:00 GMT""},""teams"":[{""id"":13,""name"":""Cambridge University""},{""id"":46,""name"":""Fiji"",""abbreviation"":""FJI""}],""scores"":[12,8],""status"":""C"",""outcome"":""A"",""events"":[{""id"":56,""label"":""1970 Fiji Tour of England, Wales & Canada"",""sport"":""mru"",""start"":{""label"":""1970-01-01""},""end"":{""millis"":31535999000,""label"":""1970-12-31""}}]}"
6186,,,,,,26179200000,26179200000,"Sat 31 Oct 1970, 00:00 GMT",,1725,London Counties,,46,Fiji,FJI,22,0,C,A,56,"1970 Fiji Tour of England, Wales & Canada",mru,,1970-01-01,31535999000,1970-12-31,"{""matchId"":6186,""time"":{""millis"":26179200000,""label"":""Sat 31 Oct 1970, 00:00 GMT""},""teams"":[{""id"":1725,""name"":""London Counties""},{""id"":46,""name"":""Fiji"",""abbreviation"":""FJI""}],""scores"":[22,0],""status"":""C"",""outcome"":""A"",""events"":[{""id"":56,""label"":""1970 Fiji Tour of England, Wales & Canada"",""sport"":""mru"",""start"":{""label"":""1970-01-01""},""end"":{""millis"":31535999000,""label"":""1970-12-31""}}]}"
6187,,,,,,26524800000,26524800000,"Wed 4 Nov 1970, 00:00 GMT",,9,Oxford University,,46,Fiji,FJI,5,8,C,B,56,"1970 Fiji Tour of England, Wales & Canada",mru,,1970-01-01,31535999000,1970-12-31,"{""matchId"":6187,""time"":{""millis"":26524800000,""label"":""Wed 4 Nov 1970, 00:00 GMT""},""teams"":[{""id"":9,""name"":""Oxford University""},{""id"":46,""name"":""Fiji"",""abbreviation"":""FJI""}],""scores"":[5,8],""status"":""C"",""outcome"":""B"",""events"":[{""id"":56,""label"":""1970 Fiji Tour of England, Wales & Canada"",""sport"":""mru"",""start"":{""label"":""1970-01-01""},""end"":{""millis"":31535999000,""label"":""1970-12-31""}}]}"
6188,,,,,,26784000000,26784000000,"Sat 7 Nov 1970, 00:00 GMT",,1473,East Midlands,,46,Fiji,FJI,14,24,C,B,56,"1970 Fiji Tour of England, Wales & Canada",mru,,1970-01-01,31535999000,1970-12-31,"{""matchId"":6188,""time"":{""millis"":26784000000,""label"":""Sat 7 Nov 1970, 00:00 GMT""},""teams"":[{""id"":1473,""name"":""East Midlands""},{""id"":46,""name"":""Fiji"",""abbreviation"":""FJI""}],""scores"":[14,24],""status"":""C"",""outcome"":""B"",""events"":[{""id"":56,""label"":""1970 Fiji Tour of England, Wales & Canada"",""sport"":""mru"",""start"":{""label"":""1970-01-01""},""end"":{""millis"":31535999000,""label"":""1970-12-31""}}]}"
6189,,,,,,27129600000,27129600000,"Wed 11 Nov 1970, 00:00 GMT",,1918,The South,,46,Fiji,FJI,10,8,C,A,56,"1970 Fiji Tour of England, Wales & Canada",mru,,1970-01-01,31535999000,1970-12-31,"{""matchId"":6189,""time"":{""millis"":27129600000,""label"":""Wed 11 Nov 1970, 00:00 GMT""},""teams"":[{""id"":1918,""name"":""The South""},{""id"":46,""name"":""Fiji"",""abbreviation"":""FJI""}],""scores"":[10,8],""status"":""C"",""outcome"":""A"",""events"":[{""id"":56,""label"":""1970 Fiji Tour of England, Wales & Canada"",""sport"":""mru"",""start"":{""label"":""1970-01-01""},""end"":{""millis"":31535999000,""label"":""1970-12-31""}}]}"
6190,,,,,,27388800000,27388800000,"Sat 14 Nov 1970, 00:00 GMT",,1919,England U25,,46,Fiji,FJI,15,11,C,A,56,"1970 Fiji Tour of England, Wales & Canada",mru,,1970-01-01,31535999000,1970-12-31,"{""matchId"":6190,""time"":{""millis"":27388800000,""label"":""Sat 14 Nov 1970, 00:00 GMT""},""teams"":[{""id"":1919,""name"":""England U25""},{""id"":46,""name"":""Fiji"",""abbreviation"":""FJI""}],""scores"":[15,11],""status"":""C"",""outcome"":""A"",""events"":[{""id"":56,""label"":""1970 Fiji Tour of England, Wales & Canada"",""sport"":""mru"",""start"":{""label"":""1970-01-01""},""end"":{""millis"":31535999000,""label"":""1970-12-31""}}]}"
6191,,,,,,27734400000,27734400000,"Wed 18 Nov 1970, 00:00 GMT",,1210,Combined Services,,46,Fiji,FJI,6,11,C,B,56,"1970 Fiji Tour of England, Wales & Canada",mru,,1970-01-01,31535999000,1970-12-31,"{""matchId"":6191,""time"":{""millis"":27734400000,""label"":""Wed 18 Nov 1970, 00:00 GMT""},""teams"":[{""id"":1210,""name"":""Combined Services""},{""id"":46,""name"":""Fiji"",""abbreviation"":""FJI""}],""scores"":[6,11],""status"":""C"",""outcome"":""B"",""events"":[{""id"":56,""label"":""1970 Fiji Tour of England, Wales & Canada"",""sport"":""mru"",""start"":{""label"":""1970-01-01""},""end"":{""millis"":31535999000,""label"":""1970-12-31""}}]}"
6192,,,,,,27993600000,27993600000,"Sat 21 Nov 1970, 00:00 GMT",,1920,Wales U25,,46,Fiji,FJI,8,6,C,A,56,"1970 Fiji Tour of England, Wales & Canada",mru,,1970-01-01,31535999000,1970-12-31,"{""matchId"":6192,""time"":{""millis"":27993600000,""label"":""Sat 21 Nov 1970, 00:00 GMT""},""teams"":[{""id"":1920,""name"":""Wales U25""},{""id"":46,""name"":""Fiji"",""abbreviation"":""FJI""}],""scores"":[8,6],""status"":""C"",""outcome"":""A"",""events"":[{""id"":56,""label"":""1970 Fiji Tour of England, Wales & Canada"",""sport"":""mru"",""start"":{""label"":""1970-01-01""},""end"":{""millis"":31535999000,""label"":""1970-12-31""}}]}"
3502,,248,Swanguard Stadium,Burnaby,Canada,28598400000,28598400000,"Sat 28 Nov 1970, 00:00 GMT",,50,Canada,CAN,46,Fiji,FJI,17,35,C,B,56,"1970 Fiji Tour of England, Wales & Canada",mru,,1970-01-01,31535999000,1970-12-31,"{""matchId"":3502,""venue"":{""id"":248,""name"":""Swanguard Stadium"",""city"":""Burnaby"",""country"":""Canada""},""time"":{""millis"":28598400000,""label"":""Sat 28 Nov 1970, 00:00 GMT""},""teams"":[{""id"":50,""name"":""Canada"",""abbreviation"":""CAN""},{""id"":46,""name"":""Fiji"",""abbreviation"":""FJI""}],""scores"":[17,35],""status"":""C"",""outcome"":""B"",""events"":[{""id"":56,""label"":""1970 Fiji Tour of England, Wales & Canada"",""sport"":""mru"",""start"":{""label"":""1970-01-01""},""end"":{""millis"":31535999000,""label"":""1970-12-31""}}]}"
2587,,136,Stadionul 23 August,Bucuresti,Romania,28684800000,28684800000,"Sun 29 Nov 1970, 00:00 GMT",12000,52,Romania,ROM,42,France,FRA,3,14,C,B,678,1970 Federation Internationale de Rugby Amateur Championship,mru,,1970-01-01,31535999000,1970-12-31,"{""matchId"":2587,""venue"":{""id"":136,""name"":""Stadionul 23 August"",""city"":""Bucuresti"",""country"":""Romania""},""time"":{""millis"":28684800000,""label"":""Sun 29 Nov 1970, 00:00 GMT""},""attendance"":12000,""teams"":[{""id"":52,""name"":""Romania"",""abbreviation"":""ROM""},{""id"":42,""name"":""France"",""abbreviation"":""FRA""}],""scores"":[3,14],""status"":""C"",""outcome"":""B"",""events"":[{""id"":678,""label"":""1970 Federation Internationale de Rugby Amateur Championship"",""sport"":""mru"",""start"":{""label"":""1970-01-01""},""end"":{""millis"":31535999000,""label"":""1970-12-31""}}]}"
5120,,,,,,28684800000,28684800000,"Sun 29 Nov 1970, 00:00 GMT",,783,Yugoslavia,YUG,1211,Czechoslovakia,TCH,0,9,C,B,,,,,,,,"{""matchId"":5120,""time"":{""millis"":28684800000,""label"":""Sun 29 Nov 1970, 00:00 GMT""},""teams"":[{""id"":783,""name"":""Yugoslavia"",""abbreviation"":""YUG""},{""id"":1211,""name"":""Czechoslovakia"",""abbreviation"":""TCH""}],""scores"":[0,9],""status"":""C"",""outcome"":""B"",""events"":[]}"
9902,,,,,,30499200000,30499200000,"Sun 20 Dec 1970, 00:00 GMT",,745,Morocco,MAR,42,France,FRA,3,60,C,B,,,,,,,,"{""matchId"":9902,""time"":{""millis"":30499200000,""label"":""Sun 20 Dec 1970, 00:00 GMT""},""teams"":[{""id"":745,""name"":""Morocco"",""abbreviation"":""MAR""},{""id"":42,""name"":""France"",""abbreviation"":""FRA""}],""scores"":[3,60],""status"":""C"",""outcome"":""B"",""events"":[]}"
4738,,225,Ciudad Universitaria,Madrid,Spain,30544200000,30544200000,"Sun 20 Dec 1970, 12:30 GMT",2000,43,Spain,ESP,44,Portugal,POR,17,0,C,A,678,1970 Federation Internationale de Rugby Amateur Championship,mru,,1970-01-01,31535999000,1970-12-31,"{""matchId"":4738,""venue"":{""id"":225,""name"":""Ciudad Universitaria"",""city"":""Madrid"",""country"":""Spain""},""time"":{""millis"":30544200000,""label"":""Sun 20 Dec 1970, 12:30 GMT""},""attendance"":2000,""teams"":[{""id"":43,""name"":""Spain"",""abbreviation"":""ESP""},{""id"":44,""name"":""Portugal"",""abbreviation"":""POR""}],""scores"":[17,0],""status"":""C"",""outcome"":""A"",""events"":[{""id"":678,""label"":""1970 Federation Internationale de Rugby Amateur Championship"",""sport"":""mru"",""start"":{""label"":""1970-01-01""},""end"":{""millis"":31535999000,""label"":""1970-12-31""}}]}"
